-1.346886229999999074e+00
-6.223227479999998479e+00
-5.365724660000001478e+00
-9.107324059999998056e+00
-1.750301040000000086e+00
4.016915189999998859e+00
-1.326381940000000093e+00
-1.634546020000000155e+00
-3.553432350000000017e+00
-1.424713439999999665e+00
-1.010709220000000741e+00
-1.918778659999999903e+01
-6.318834850000000003e+00
-2.008348121999999947e+01
-1.484644840000000077e+00
-1.090967286000000058e+01
-3.582507150000001417e+00
-9.367490300000000047e+00
-4.993683309999999764e+00
-1.584662460000000550e+00
-5.121246570000000276e+00
-1.371071759999999529e+00
-1.071261945999999909e+01
-2.992317090000000235e+00
-3.087411709999999587e+00
1.381319760000000230e+00
-2.890448329999998123e+00
5.988571000000000311e+00
-4.012868960000000484e+00
-5.572404630000000303e+00
8.530056119999999353e+00
-1.281397920999999940e+01
-2.049117370000000271e+00
8.355827639999997558e+00
-2.674971899999993852e-01
-1.414126475000000127e+01
-5.892241290000000298e+00
-1.848579990000001061e+00
-5.435623200000000210e+00
-7.598597680000001020e+00
-7.417453080000000476e+00
-4.651563819999999794e+00
-2.635948150000000823e+00
3.995819759999999832e+00
-1.229862022000000010e+01
-1.235417729999998215e+00
-1.371800555999999993e+01
1.639025679999999596e+00
-1.373896160000001032e+00
-1.563749530000000831e+00
-8.969721010000000661e+00
1.457592199999986349e-01
-7.721218690000000606e+00
-3.249412720000000032e+00
-1.808201063000000275e+01
-1.199701254999999911e+01
-1.296780280000000118e+00
-2.435288359999999930e+00
-2.852754319999998955e+00
3.861459880000000400e+00
-5.890609860000001419e+00
-4.340026219999998602e+00
4.792674319999999710e+00
9.576861299999990251e-01
4.006053500000001932e-01
-1.726064659999998696e+00
-4.558825899999999542e+00
-1.686368240000000185e+00
-1.218141342000000016e+01
-1.340176100000000758e+00
-4.973506229999999917e+00
-1.284978090000000073e+00
7.245091580000000420e+00
-8.858093600000001011e-01
1.003741549999999094e+00
-7.127129700000000234e+00
-1.727203169999999233e+00
-3.081293190000000237e+00
7.848687500000011141e-01
-7.465491600000000005e+00
-1.829011300000003004e-01
3.076414329999998643e+00
-1.089600560000000939e+00
-6.415171860000000059e+00
-1.734006391999999863e+01
-8.401967960000000346e+00
-7.948117250000001022e+00
-9.972259660000000636e+00
-1.517260000000000275e-01
-1.157606196999999959e+01
-1.033941976000000018e+01
-1.089196211000000147e+01
-5.991835599999998152e+00
-6.026844520000000038e+00
1.466957510000000298e+00
-1.324371600000002758e-01
-9.480722929999998883e+00
-6.469032099999996177e-01
-3.399511190000000127e+00
-8.439763700000000313e+00
-8.165433499999998901e-01
-2.055950039999999035e+00
-1.434569199999993216e-01
2.609692380000000256e+00
-7.678958489999999415e+00
-1.257690908999999735e+01
-4.333404100000000092e-01
-1.163371869999998864e+00
-2.075500390000000195e+00
-4.274068109999998200e+00
-4.296247300000000102e-01
1.141858099999986109e-01
-2.243611010000000405e+00
-4.690675490000000281e+00
-7.355112959999999589e+00
1.429688699999998036e-01
-7.377372320000000094e+00
2.825182899999998387e-01
8.863818400000020858e-01
-4.002622599999998698e-01
-2.883244999999999836e-01
1.037808600000001746e+00
-5.498797069999998399e+00
8.044230799999994019e-01
-4.135859999999991210e-03
2.640675010000000267e+00
2.475021210000001304e+00
-5.177250790000000435e+00
-1.835791898000000089e+01
-1.135174834000000033e+01
2.577044709999999128e+00
-7.571179699999994739e-01
3.250653659999999334e+00
1.843970000000183518e-02
-1.144736079000000117e+01
-3.506836109999998286e+00
1.597369889999999959e+00
7.806077049999999851e+00
-2.811750629999998807e+00
-5.599389710000000520e+00
-6.385055749999999364e+00
-4.789997299999999569e+00
-9.255697999999999981e-01
-5.443450219999999007e+00
-5.570790999999886139e-02
2.135197970000000112e+00
-2.228462059999998246e+00
7.608573599999992609e-01
-3.981883299999999792e-01
-6.655586160000000362e+00
-2.393879999999626307e-03
-2.382407691000000227e+01
-4.244703630000000061e+00
-1.950689709999998911e+00
-4.985392380000000401e+00
-9.447091999999912559e-02
1.287801229999999464e+00
-5.927606399999998388e+00
-7.196134700000005324e-01
6.213719900000000962e-01
-8.643355260000006979e+00
-5.094216599999999984e-01
2.136782769999999942e+00
-5.312702540000000084e+00
-1.580581400000000247e+00
4.092106700000002206e-01
-1.002198399999999490e-01
-7.219482219999999728e+00
-1.129827829999999977e+00
-3.154376089999999966e+00
7.442905700000004288e-01
-3.411080410000000285e+00
7.553486000000031453e-02
7.480100430000000244e+00
2.636464539999999968e+00
-5.012904250000000062e+00
-1.682132641999999834e+01
-1.404786127000000029e+01
-6.559600140000000579e+00
-4.869685730000000490e+00
-1.933318427000000028e+01
-4.489980549999998516e+00
-3.724914769999999820e+00
-2.830453440000001208e+00
2.832152060000000304e+00
4.049350430000000500e+00
-1.418247033999999829e+01
-1.327407489999998802e+00
-1.997191982000000010e+01
-1.106744460000000041e+00
-4.618103990000000714e+00
-4.917233870000000451e+00
-1.782878444000000329e+01
-2.406563280000000304e+00
-1.198145319999998293e+00
-3.807770909999998565e+00
-6.122149900000000144e+00
-1.204555501000000106e+01
-9.095368099999999734e-01
1.047235940000000198e+00
-3.713606899999994937e-01
-8.633638999999995178e-01
3.463852799999997956e-01
-7.138157689999999889e+00
-4.648814960000000163e+00
7.439795540000000429e+00
-1.185091029999998824e+00
-1.771202150000000586e+00
-5.970358730000000946e+00
-3.228687659999998516e+00
-1.769307529999999851e+00
-1.960956689999999725e+00
-4.704917069999999590e+00
-1.619038199999991434e-01
1.355543293999999932e+01
-1.369934549999999973e+01
-7.531195299999999815e-01
-1.283013259999999711e+00
-1.001674786999999966e+01
-1.594454602999999970e+01
-1.618052108999999916e+01
2.644478110000000104e+00
7.456087999999994054e-02
-2.131701705000000047e+01
8.713727800000015122e-01
-1.141788710999999878e+01
-8.419542990000000060e+00
-5.433705900000000977e-01
2.850825829999999783e+00
-4.168518410000000785e+00
-1.903538769000000030e+01
-2.622400429999999893e+00
-4.303276889999999355e+00
-6.607689770000000351e+00
-1.937284127000000211e+01
-9.152735419999999067e+00
-1.110000895000000121e+01
-2.077716983000000184e+01
-2.564573800000005122e-01
3.085112499999995705e-01
-8.489511919999999989e+00
-2.934270059999999347e+00
-3.732820359999999837e+00
-1.146372853000000092e+01
-1.667826734999999871e+01
3.600742330000000102e+00
-6.986026580000000763e+00
-1.255692150000000229e+00
-8.341136099999999498e-01
-2.049515529999998975e+00
-1.270276545999999840e+01
-2.020463560000000047e+00
-3.660164439999999075e+00
-3.765233510000001615e+00
-3.315671150000000011e+00
1.505131580000000469e+00
-9.673867800000000017e-01
-2.075098520000000946e+00
5.130858480000000554e+00
-4.400721479999999630e+00
-2.171528759999997504e+00
-3.097861510000001317e+00
-3.917494409999999760e+00
-4.507509999999994577e-01
-7.955662660000001551e+00
-1.966362029999999983e+00
-1.335864001999999928e+01
6.420010099999995390e-01
-3.918927179999999844e+00
-5.072072300000000311e+00
-3.652000479999999882e+00
-2.769448479999997659e+00
-1.218986183999999895e+01
-1.386726149999999880e+00
-3.778935770000000360e+00
-9.451400519999999972e+00
-1.765632070999999925e+01
-1.091737403999999856e+01
-4.611731289999999817e+00
1.276692430000000655e+00
-7.321127589999999685e+00
-1.000939638999999914e+01
2.096497530000000165e+00
-2.824928879999999864e+00
1.203399850000000049e+00
-8.028456569999999459e+00
-2.573793080000000177e+00
-3.849764549999999730e+00
-4.207033939999998751e+00
-7.390165370000000067e+00
-2.675998859999999979e+00
-2.398667530000000436e+00
1.739574600000004523e-01
-7.531706119999999061e+00
-7.216944620000000477e+00
-5.047679049999999279e+00
-5.128735949999999377e+00
-4.650465279999999701e+00
-1.171487068000000065e+01
-6.928415490000000787e+00
-2.651280899999999718e+00
5.947702700000014886e-01
-1.126476465000000005e+01
-1.334768359999998211e+00
-1.815629290000000395e+00
-3.954960820000000155e+00
3.890373220000000742e+00
1.718237710000000362e+00
-6.156786000000000314e+00
-7.673752110000000570e+00
-1.196094710000000116e+00
-5.144003420000000659e+00
-9.297968029999999828e+00
-1.373666759999998987e+00
-2.857358340000001107e+00
-4.603120790000000184e+00
-7.766403770000000151e+00
-6.892969120000000061e+00
-6.537485189999999946e+00
-5.909498800000001495e-01
2.197672100000000128e+00
-7.080602389999999247e+00
-3.421496510000000768e+00
-1.041652540999999843e+01
-8.334678730000000257e+00
4.694895799999994068e-01
-1.098863530000000033e+00
-1.398343962000000040e+01
-1.250204108000000147e+01
-2.092793669999998940e+00
-1.177601049999999994e+01
-1.714182489999998893e+00
8.716858400000013773e-01
1.058542189999999827e+00
1.813885710000000984e+00
7.668749510000001379e+00
-1.018764510000000012e+00
9.489786200000001060e-01
-2.273628969999999860e+00
-1.534106751000000024e+01
-2.665679950000000353e+00
-1.159168219999999749e+00
-3.041539709999999896e+00
-6.659763199999999550e-01
-7.557851249999998799e+00
-1.309789882000000105e+01
-4.620097040000000987e+00
-7.740348750000000777e+00
-1.380973814000000033e+01
-3.642582949999999986e+00
7.547665300000012678e-01
-1.097427958000000103e+01
1.111016176999999772e+01
3.523227159999999802e+00
-2.886404280000000711e+00
-7.236048740000001089e+00
-1.853270849999999914e+00
-7.461812720000000176e+00
-9.883113600000008603e-01
-2.397379915000000139e+01
-4.224922490000000863e+00
-1.520038161999999993e+01
7.293595699999997350e-01
-1.080036489000000088e+01
-7.040281650000000724e+00
-1.049197740000000101e+00
-1.269825330000000640e+00
-1.145401333000000044e+01
-8.374367660000000768e+00
7.587839800000004686e-01
-9.101379869999998817e+00
-1.962316659000000030e+01
-2.351412889999998868e+00
1.333307930000000141e+00
2.781622930000001048e+00
-1.701690452999999792e+01
-4.709972779999999304e+00
-1.001792737999999972e+01
-2.363875409999998567e+00
-7.322286889999999104e+00
-1.047538790000000830e+00
1.041935179999999850e+00
-3.075310079999999502e+00
-4.064505040000000236e+00
-3.051142190000000198e+00
-6.074926319999999436e+00
-3.991497669999999776e+00
-4.561274210000000551e+00
-1.171040119999999796e+00
-5.003941860000000297e+00
-4.308035600000000187e+00
5.578115200000004492e-01
-1.352737277999999677e+01
-3.012587070000000367e+00
-9.770931099999999869e-01
-1.143922219999999879e+00
-1.489153969000000011e+01
5.120316739999999811e+00
3.273166759999998732e+00
2.863965000000021632e-01
2.022172560000001340e+00
-6.853457410000000749e+00
-2.865628400000002074e-01
-4.063927160000000427e+00
6.049857060000000786e+00
-4.143434280000001024e+00
-6.293030499999999750e-01
-1.139318700000000462e-01
6.863618599999998793e-01
-5.666459849999999854e+00
-7.279472849999999440e+00
-9.003506899999999646e+00
-1.256311189999998135e+00
2.837743800000005479e-01
6.873030420000000973e+00
-3.834975520000000415e+00
-1.302123082000000309e+01
4.713984999999993875e-01
-5.201506089999999638e+00
-2.659117990000000376e+00
-3.775706099999993626e-01
9.203628900000007107e-01
-1.219624899999999901e+00
-8.629676130000000001e+00
-8.876325050000000161e+00
-2.397052390000000255e+00
-2.510165359999998458e+00
-7.936561149999999287e+00
-8.345471579999999889e+00
5.636180100000025561e-01
-1.032786198000000155e+01
4.501442199999998728e-01
-3.696713739999999859e+00
-1.226805730000000150e+00
-1.318224605999999888e+01
-9.733869039999998307e+00
2.832473440000001119e+00
-1.031617368000000035e+01
-4.787266670000000168e+00
-4.087802799999998626e+00
-5.118244699999998204e+00
2.261987999999992560e-02
-1.962622960000000472e+00
-4.684081700000000126e-01
-2.209608750000001010e+00
5.337165719999999780e+00
2.029075720000001581e+00
3.070000590000000251e+00
5.567493629999999527e+00
-1.069066169999999971e+01
-2.812665509999999536e+00
-3.645907079999999745e+00
-4.799834159999999628e+00
-7.679171990000000392e+00
-2.087238037000000190e+01
-1.899551400000000001e+00
-3.015433380000001051e+00
9.384120640000000790e+00
-9.720677750000000117e+00
2.191968540000001298e+00
-2.287031530000000146e+00
-1.335783809999998795e+00
-4.411876529999999796e+00
-4.074776540000000224e+00
-1.910821920000000063e+00
-1.235405660000001404e+00
-1.581796194000000177e+01
-1.656259630000000094e+00
7.088014799999999838e-01
-5.463802009999998432e+00
-1.835019479999999703e+00
-1.946084205000000011e+01
-9.896227050000000247e+00
-6.466059340000001043e+00
3.972105199999997893e-01
-4.378406200000000581e+00
-9.636425559999999280e+00
-7.613940590000000341e+00
-1.002906536000000060e+01
-2.351579099999998590e+00
-7.496665520000000527e+00
1.237077600000020539e-01
-9.254949570000000847e+00
-4.084860070000000398e+00
-8.414931670000001418e+00
-2.237236830000000509e+00
-1.398337528000000063e+01
-1.363874089999999484e+00
-5.384172000000120306e-02
2.079365200000005132e-01
-1.287252822000000307e+01
-6.830891189999999114e+00
-2.816619590000000173e+00
-8.594730799999998894e-01
-6.483097029999999705e+00
1.152600520000000017e+00
-9.806816400000000211e-01
-1.145673737999999986e+01
-5.347317700000004947e-01
4.528919600000005374e-01
-2.266853499999999855e+00
-1.052281020999999939e+01
1.580045800000000611e-01
-1.439157100000000078e+00
-4.206909039999999322e+00
1.497001440000000017e+00
3.602449509999999577e+00
-1.277784110000000029e+00
1.674330900000000177e+00
-5.989439029999999775e+00
-1.714643550000000793e+00
-4.113989289999999244e+00
-4.582502579999999881e+00
-1.030953717999999952e+01
-1.907837479999999974e+00
-1.256834936000000091e+01
4.930390299999998227e-01
-5.995725430000000244e+00
9.504490200000006439e-01
